0	 1    	  0.012
0.500000 0.994140 0.012112
1.000000 0.988725 0.012459
1.500000 0.983689 0.012941
2.000000 0.978839 0.013504
2.500000 0.974007 0.014116
3.000000 0.969072 0.014759
3.500000 0.963961 0.015421
4.000000 0.958624 0.016095
4.500000 0.954054 0.016776
5.000000 0.947152 0.017700
5.500000 0.940454 0.020062
6.000000 0.932728 0.021901
6.500000 0.924540 0.023138
7.000000 0.915713 0.024135
7.500000 0.909657 0.024888
8.000000 0.897792 0.025559
8.500000 0.888281 0.026168
9.000000 0.881882 0.026735
9.500000 0.869117 0.027264
10.000000 0.858723 0.027788