0.000000 0.011832 0.012000
0.333333 0.013469 0.012467
0.666667 0.013304 0.012933
1.000000 0.013458 0.013400
1.333333 0.013784 0.013867
1.666667 0.013988 0.014333
2.000000 0.014356 0.014800
2.333333 0.014865 0.015267
2.666667 0.015338 0.015733
3.000000 0.015889 0.016200
3.333333 0.016459 0.016667
3.666667 0.016897 0.017133
4.000000 0.017302 0.017600
4.333333 0.017776 0.018067
4.666667 0.018269 0.018533
5.000000 0.018805 0.019000
5.333333 0.019215 0.019333
5.666667 0.019371 0.019667
6.000000 0.019691 0.020000
6.333333 0.020138 0.020333
6.666667 0.020556 0.020667
7.000000 0.020819 0.021000
7.333333 0.020973 0.021333
7.666667 0.021402 0.021667
8.000000 0.021937 0.022000
8.333334 0.022194 0.022333
8.666667 0.022295 0.022667
9.000000 0.022575 0.023000
9.333334 0.022972 0.023333
9.666667 0.023423 0.023667
10.000000 0.023889 0.024000
