0.000000 0.011093 0.012000
0.344828 0.013037 0.012483
0.689655 0.013808 0.012965
1.034483 0.013660 0.013448
1.379310 0.013654 0.013931
1.724138 0.014367 0.014414
2.068965 0.014493 0.014897
2.413793 0.015303 0.015379
2.758621 0.015509 0.015862
3.103448 0.016226 0.016345
3.448276 0.016444 0.016828
3.793103 0.017197 0.017310
4.137931 0.017410 0.017793
4.482759 0.018187 0.018276
4.827586 0.018378 0.018759
5.172414 0.019169 0.019172
5.517241 0.019185 0.019517
5.862069 0.019875 0.019862
6.206897 0.019854 0.020207
6.551724 0.020548 0.020552
6.896552 0.020567 0.020897
7.241379 0.021298 0.021241
7.586207 0.021176 0.021586
7.931035 0.021975 0.021931
8.275862 0.021948 0.022276
8.620689 0.022755 0.022621
8.965517 0.022582 0.022966
9.310345 0.023385 0.023310
9.655172 0.023277 0.023655
10.000000 0.025614 0.024000